Pred_prodSys complet
[0,0,1],[0,0,1],[1,0,0],[1,0,0],[0,0,1],[0.517241379310345,0,0.482758620689655],[0,0,1],[1,0,0],[1,0,0],[0,0,1],[1,0,0],[0.586206896551724,0,0.413793103448276],[1,0,0],[0,0,1],[1,0,0],
[0.827586206896552,0,0.172413793103448],[0,0,1],[0.586206896551724,0,0.413793103448276],[0,0,1],[1,0,0],[0,0,1],[1,0,0],[0,0,1],[0,0,1],[1,0,0],[1,0,0],[0.206896551724138,0.206896551724138,0.586206896551724],
[0,0,1],[1,0,0],[0,0,1],[0,0,1],[0.931034482758621,0,0.0689655172413793],[0,0,1],[0,0,1],[1,0,0],[1,0,0],[0,0,1],[0.517241379310345,0,0.482758620689655],[1,0,0],[0,0,1],[1,0,0],[0,0,1],[1,0,0],[1,0,0],
[1,0,0],[0.206896551724138,0.103448275862069,0.689655172413793],[0,0,1],[0.517241379310345,0,0.482758620689655],[0,0,1],[1,0,0],[0,0,1],[0,0,1],[1,0,0],[0,0,1],[0,0,1],[1,0,0],[0.655172413793103,0,0.344827586206897],
[1,0,0],[0,0,1],[1,0,0],[0,0,1],[0.517241379310345,0,0.482758620689655],[0,0,1],[0,0,1],[1,0,0],[1,0,0],[1,0,0],[0,0,1],[0,0,1],[0,0,1],[1,0,0],[0,0,1],[1,0,0],[0,0,1],[0,0,1],[1,0,0],[1,0,0],[0,0,1],[1,0,0],
[1,0,0],[0,0,1],[1,0,0],[1,0,0],[0,0,1],[1,0,0],[0,0,1],[1,0,0],[0,0,1],[1,0,0],[1,0,0],[1,0,0],[0,0,1],[0,0,1],[1,0,0],[0,0,1],[0.206896551724138,0,0.793103448275862],[0,0,1],[1,0,0],[0,0,1],[1,0,0],[0,0,1],
[1,0,0],[0,0,1],[1,0,0],[0,0,1],[0,0,1],[0,0,1],[1,0,0],[1,0,0],[0,0,1],[0,0,1],[1,0,0],[1,0,0],[0.620689655172414,0.206896551724138,0.172413793103448],[1,0,0],[1,0,0],[0,0,1],[0,0,1],[1,0,0],[1,0,0],[0,0,1],
[1,0,0],[0,0,1],[0,0,1],[1,0,0],[0.275862068965517,0.0344827586206897,0.689655172413793],[0,0,1],[1,0,0],[1,0,0],[0,0,1],[1,0,0],[0,0,1],[0,0,1],[1,0,0],[0,0,1],[1,0,0],[1,0,0],[0,0,1],[1,0,0],[0,0,1],[1,0,0],
[0,0,1],[1,0,0],[0,0,1],[1,0,0],[0,0,1],[1,0,0],[1,0,0],[0,0,1],[1,0,0],[0,0,1],[1,0,0],[1,0,0],[0,0,1],[1,0,0],[0.586206896551724,0,0.413793103448276],[0,0,1],[1,0,0],[0,0,1],[0.517241379310345,0,0.482758620689655],
[1,0,0],[0,0,1],[1,0,0],[0,0,1],[1,0,0],[1,0,0],[0.517241379310345,0,0.482758620689655],[0,0,1],[1,0,0],[0,0,1],[0.724137931034483,0,0.275862068965517],[0,0,1],[1,0,0],[1,0,0],[0,0,1],[0,0,1],[0,0,1],[1,0,0],[1,0,0],
[1,0,0],[0,0,1],[1,0,0],[1,0,0],[1,0,0],[0,0,1],[0,0,1],[1,0,0],[0.655172413793103,0,0.344827586206897],[0.620689655172414,0,0.379310344827586],[1,0,0],[1,0,0],[1,0,0],[0,0,1],[1,0,0],[1,0,0],
[0.206896551724138,0,0.793103448275862],[1,0,0],[0,0,1],[0.586206896551724,0.206896551724138,0.206896551724138],[0,0,1]


