Pred_prodSys complet
[0.103448275862069,0,0.896551724137931],[0,0,1],[1,0,0],[1,0,0],[0,0.206896551724138,0.793103448275862],[0.310344827586207,0,0.689655172413793],[0,0,1],
[1,0,0],[1,0,0],[0.0344827586206897,0,0.96551724137931],[1,0,0],[0.724137931034483,0,0.275862068965517],[1,0,0],[0,0,1],[1,0,0],[0.758620689655172,0,0.241379310344828],
[0,0,1],[0.724137931034483,0.137931034482759,0.137931034482759],[0,0,1],[1,0,0],[0,0,1],[1,0,0],[0,0,1],[0,0,1],[1,0,0],[1,0,0],[0.206896551724138,0,0.793103448275862],
[0,0,1],[1,0,0],[0.0344827586206897,0.241379310344828,0.724137931034483],[0,0,1],[1,0,0],[0,0,1],[0,0,1],[1,0,0],[1,0,0],[0,0,1],[0.448275862068966,0,0.551724137931034],
[1,0,0],[0,0,1],[1,0,0],[0,0,1],[1,0,0],[1,0,0],[0.96551724137931,0.0344827586206897,0],[0.310344827586207,0,0.689655172413793],[0,0,1],[0.827586206896552,0,0.172413793103448],
[0,0,1],[1,0,0],[0,0,1],[0,0,1],[1,0,0],[0,0,1],[0,0,1],[1,0,0],[0.724137931034483,0,0.275862068965517],[1,0,0],[0,0,1],[1,0,0],[0.0344827586206897,0,0.96551724137931],
[0.724137931034483,0,0.275862068965517],[0.0344827586206897,0.0689655172413793,0.896551724137931],[0,0,1],[1,0,0],[1,0,0],[1,0,0],[0,0,1],[0,0,1],[0.482758620689655,0,0.517241379310345],
[1,0,0],[0,0,1],[1,0,0],[0,0,1],[0,0,1],[1,0,0],[1,0,0],[0,0,1],[1,0,0],[1,0,0],[0,0,1],[1,0,0],[1,0,0],[0,0,1],[1,0,0],[0,0,1],[1,0,0],[0,0,1],[1,0,0],[1,0,0],[1,0,0],
[0.0689655172413793,0.482758620689655,0.448275862068966],[0,0,1],[1,0,0],[0,0,1],[0.793103448275862,0,0.206896551724138],[0,0,1],[1,0,0],[0,0,1],[1,0,0],[0,0,1],[1,0,0],
[0,0,1],[1,0,0],[0,0,1],[0,0,1],[0,0,1],[1,0,0],[1,0,0],[0,0,1],[0,0,1],[1,0,0],[1,0,0],[0.620689655172414,0,0.379310344827586],[1,0,0],[1,0,0],
[0.0344827586206897,0.0689655172413793,0.896551724137931],[0,0,1],[1,0,0],[1,0,0],[0,0,1],[1,0,0],[0,0,1],[0.0689655172413793,0,0.931034482758621],[1,0,0],
[0.275862068965517,0,0.724137931034483],[0,0,1],[1,0,0],[1,0,0],[0,0,1],[1,0,0],[0,0,1],[0,0,1],[1,0,0],[0.0689655172413793,0,0.931034482758621],[1,0,0],
[1,0,0],[0,0,1],[1,0,0],[0,0,1],[0.931034482758621,0.0689655172413793,0],[0,0,1],[1,0,0],[0,0,1],[1,0,0],[0,0,1],[1,0,0],[1,0,0],[0,0,1],[1,0,0],[0,0,1],
[1,0,0],[1,0,0],[0.0689655172413793,0.0344827586206897,0.896551724137931],[1,0,0],[0.827586206896552,0,0.172413793103448],[0,0,1],[1,0,0],[0,0,1],
[0.517241379310345,0,0.482758620689655],[1,0,0],[0,0,1],[1,0,0],[0,0,1],[1,0,0],[1,0,0],[0.862068965517241,0,0.137931034482759],[0,0,1],[1,0,0],[0,0,1],
[0.758620689655172,0,0.241379310344828],[0,0,1],[1,0,0],[1,0,0],[0,0,1],[0,0,1],[0,0,1],[1,0,0],[1,0,0],[1,0,0],[0.103448275862069,0,0.896551724137931],[1,0,0],[1,0,0],[1,0,0],
[0,0,1],[0,0,1],[1,0,0],[0.96551724137931,0,0.0344827586206897],[0.482758620689655,0,0.517241379310345],[1,0,0],[1,0,0],[1,0,0],[0,0,1],[1,0,0],[1,0,0],
[0.793103448275862,0,0.206896551724138],[1,0,0],[0,0,1],[0.793103448275862,0,0.206896551724138]
