Pred_prodSys complet
[0,0,1],[0,0,1],[1,0,0],[1,0,0],[0.0689655172413793,0,0.931034482758621],[0,0,1],[0,0,1],[1,0,0],[1,0,0],[0.172413793103448,0,0.827586206896552],
                [1,0,0],[0.827586206896552,0.0689655172413793,0.103448275862069],[1,0,0],[0,0,1],[1,0,0],[0.793103448275862,0,0.206896551724138],[0,0,1],
                [0.724137931034483,0.0689655172413793,0.206896551724138],[0,0,1],[1,0,0],[0,0,1],[1,0,0],[0,0,1],[0,0,1],[1,0,0],[1,0,0],
                [0.0689655172413793,0.655172413793103,0.275862068965517],[0,0.172413793103448,0.827586206896552],[1,0,0],[0,0,1],
                [0.344827586206897,0.517241379310345,0.137931034482759],[1,0,0],[0,0,1],[0,0,1],[1,0,0],[1,0,0],[0,0,1],
                [0.586206896551724,0.172413793103448,0.241379310344828],[1,0,0],[0,0.172413793103448,0.827586206896552],[1,0,0],[0,0,1],[1,0,0],[1,0,0],[1,0,0],
                [0.241379310344828,0.482758620689655,0.275862068965517],[0,0.448275862068966,0.551724137931034],[0.758620689655172,0.103448275862069,0.137931034482759],
                [0,0.448275862068966,0.551724137931034],[1,0,0],[0,0,1],[0,0,1],[1,0,0],[0,0,1],[0,0,1],[1,0,0],[1,0,0],[0.96551724137931,0.0344827586206897,0],[0,0,1],
                [1,0,0],[0.344827586206897,0.517241379310345,0.137931034482759],[0.689655172413793,0.0344827586206897,0.275862068965517],[0,0,1],[0,0,1],[1,0,0],[1,0,0],
                [1,0,0],[0,0,1],[0,0,1],[0,0.586206896551724,0.413793103448276],[1,0,0],[0,0,1],[1,0,0],[0,0,1],[0,0.103448275862069,0.896551724137931],[1,0,0],[1,0,0],
                [0,0,1],[1,0,0],[1,0,0],[0,0,1],[1,0,0],[1,0,0],[0,0,1],[1,0,0],[0,0,1],[1,0,0],[0,0,1],[1,0,0],[1,0,0],[1,0,0],[0.0344827586206897,0,0.96551724137931],
                [0,0,1],[1,0,0],[0,0,1],[0,0,1],[0,0,1],[1,0,0],[0,0.448275862068966,0.551724137931034],[1,0,0],[0,0,1],[1,0,0],
                [0.0689655172413793,0.0689655172413793,0.862068965517241],[0.724137931034483,0.137931034482759,0.137931034482759],
                [0.0344827586206897,0.551724137931034,0.413793103448276],[0.0344827586206897,0.724137931034483,0.241379310344828],[0,0,1],[1,0,0],[1,0,0],[0,0,1],
                [0,0.448275862068966,0.551724137931034],[1,0,0],[1,0,0],[0.620689655172414,0.379310344827586,0],[1,0,0],[1,0,0],[0,0,1],[0,0,1],[1,0,0],[1,0,0],[0,0,1],
                [1,0,0],[0,0,1],[0.103448275862069,0.0689655172413793,0.827586206896552],[1,0,0],[0.586206896551724,0.0344827586206897,0.379310344827586],[0,0,1],[1,0,0],
                [1,0,0],[0,0,1],[1,0,0],[0,0.172413793103448,0.827586206896552],[0,0,1],[1,0,0],[0.103448275862069,0,0.896551724137931],[1,0,0],
                [0.96551724137931,0,0.0344827586206897],[0,0,1],[1,0,0],[0,0,1],[1,0,0],[0,0,1],[1,0,0],[0,0.172413793103448,0.827586206896552],[1,0,0],[0,0,1],[1,0,0],
                [1,0,0],[0,0,1],[1,0,0],[0,0,1],[1,0,0],[1,0,0],[0,0,1],[1,0,0],[0.931034482758621,0,0.0689655172413793],[0,0,1],[1,0,0],[0,0,1],
                [0.310344827586207,0,0.689655172413793],[1,0,0],[0.0689655172413793,0.655172413793103,0.275862068965517],[1,0,0],[0,0,1],[1,0,0],[1,0,0],
                [0,0.655172413793103,0.344827586206897],[0,0,1],[1,0,0],[0,0,1],[0.620689655172414,0,0.379310344827586],[0,0.172413793103448,0.827586206896552],
                [1,0,0],[1,0,0],[0,0,1],[0,0,1],[0.0689655172413793,0,0.931034482758621],[1,0,0],[1,0,0],[1,0,0],[0,0,1],[1,0,0],[0.96551724137931,0.0344827586206897,0],
                [1,0,0],[0,0.448275862068966,0.551724137931034],[0.0689655172413793,0,0.931034482758621],[1,0,0],[0.689655172413793,0,0.310344827586207],
                [0.620689655172414,0,0.379310344827586],[1,0,0],[1,0,0],[0.517241379310345,0.0689655172413793,0.413793103448276],[0,0,1],[1,0,0],[1,0,0],
                [0.344827586206897,0,0.655172413793103],[1,0,0],[0,0,1],[1,0,0],[0.517241379310345,0,0.482758620689655]

predictionSys complet
[2,2,0,0,2,2,2,0,0,2,0,0,0,2,0,2,2,0,2,0,2,0,2,2,0,0,1,2,0,2,2,0,2,2,0,0,2,0,0,2,0,2,0,0,0,2,2,0,2,0,2,2,0,2,2,0,0,0,2,
                  0,1,0,2,2,0,0,0,2,2,2,0,2,0,2,2,0,0,2,0,0,2,0,0,2,0,2,0,2,0,0,0,2,2,0,2,2,2,0,2,0,2,0,2,0,1,2,2,0,0,2,2,0,0,1,0,0,2,2,
                  0,0,2,0,2,2,0,2,2,0,0,2,0,2,2,0,2,0,0,2,0,2,0,2,0,2,0,2,0,0,2,0,2,0,0,2,0,0,2,0,2,0,0,1,0,2,0,0,1,2,0,2,0,2,0,0,2,2,0,
                  0,0,0,2,0,0,0,2,2,0,0,2,0,0,2,2,0,0,2,0,2,0,2]